newgraph

  xaxis
    min
      0
    size
      1.5
    label : Epoch

  yaxis
    size
      1.5
    label : mAP@50

  title
    y
      0.5
    font
      Times-Bold
    fontsize
      10
    : FRED (canonical split) \
      RGB images (30 per sequence)

  newline
    color
      0.840188 0.394383 0.783099
    label : YOLO11n (2.6M)
    pts
      1 0.04047
      2 0.19623
      3 0.14548
      4 0.2144
      5 0.25143
      6 0.25656
      7 0.31602
      8 0.3141
      9 0.31021
      10 0.31928
      11 0.29965
      12 0.31844
      13 0.31671
      14 0.32396
      15 0.3221
      16 0.35239
      17 0.33442
      18 0.32854
      19 0.33513
      20 0.36137
      21 0.33737
      22 0.33888
      23 0.35718
      24 0.33642
      25 0.3482
      26 0.3582
      27 0.35002
      28 0.35097
      29 0.35618
      30 0.3609
      31 0.34576
      32 0.36559
      33 0.36658
      34 0.37909
      35 0.36222
      36 0.36323
      37 0.38089
      38 0.35356
      39 0.35346
      40 0.3662
      41 0.36541
      42 0.36405
      43 0.35994
      44 0.3741
      45 0.36938
      46 0.37062
      47 0.36743
      48 0.37631
      49 0.35585
      50 0.38374
      51 0.37139
      52 0.38462
      53 0.36339
      54 0.36742
      55 0.35903
      56 0.38436
      57 0.36725
      58 0.37266
      59 0.37327
      60 0.37595
      61 0.38233
      62 0.37642
      63 0.36896
      64 0.37121
      65 0.3757
      66 0.37813
      67 0.37457
      68 0.36776
      69 0.38275
      70 0.38028
      71 0.38926
      72 0.37509
      73 0.3801
      74 0.3802
      75 0.38683
      76 0.38455
      77 0.38233
      78 0.38515
      79 0.38168
      80 0.38626
      81 0.39267
      82 0.38269
      83 0.3781
      84 0.37529
      85 0.38365
      86 0.38111
      87 0.38408
      88 0.38554
      89 0.37979
      90 0.38141
      91 0.37262
      92 0.37371
      93 0.3736
      94 0.37102
      95 0.37337
      96 0.37542
      97 0.37573
      98 0.37339
      99 0.3743
      100 0.3739

  newline
    color
      0.700976 0.809676 0.0887955
    label : YOLO11s (9.4M)
    pts
      1 0.10788
      2 0.144
      3 0.15852
      4 0.19021
      5 0.16086
      6 0.2201
      7 0.25963
      8 0.26145
      9 0.3153
      10 0.28591
      11 0.26928
      12 0.30135
      13 0.28058
      14 0.3162
      15 0.32147
      16 0.33151
      17 0.30163
      18 0.33638
      19 0.34671
      20 0.35001
      21 0.34589
      22 0.34904
      23 0.3623
      24 0.32094
      25 0.36349
      26 0.34461
      27 0.34892
      28 0.37401
      29 0.34937
      30 0.37024
      31 0.3611
      32 0.36033
      33 0.38545
      34 0.36403
      35 0.3691
      36 0.35077
      37 0.36281
      38 0.37231
      39 0.37586
      40 0.37632
      41 0.39317
      42 0.36808
      43 0.37182
      44 0.36429
      45 0.37334
      46 0.39075
      47 0.37864
      48 0.36625
      49 0.36149
      50 0.39475
      51 0.38692
      52 0.40494
      53 0.38349
      54 0.38887
      55 0.38691
      56 0.39385
      57 0.37561
      58 0.38835
      59 0.37443
      60 0.38247
      61 0.3729
      62 0.37869
      63 0.3772
      64 0.37937
      65 0.36408
      66 0.36771
      67 0.3662
      68 0.37815
      69 0.3752
      70 0.3624
      71 0.36901
      72 0.35674
      73 0.36555
      74 0.37459
      75 0.37414
      76 0.37987
      77 0.36484
      78 0.38439
      79 0.37482
      80 0.37533
      81 0.36579
      82 0.36883
      83 0.37099
      84 0.37568
      85 0.36648
      86 0.36429
      87 0.36878
      88 0.37312
      89 0.36973
      90 0.36929
      91 0.36669

  newline
    color
      0.56138 0.224983 0.393092
    label : YOLO11m (20.1M)
    pts
      1 0.04268
      2 0.06084
      3 0.11013
      4 0.11069
      5 0.14454
      6 0.11879
      7 0.17922
      8 0.15855
      9 0.21109
      10 0.18312
      11 0.23925
      12 0.25309
      13 0.23408
      14 0.23847
      15 0.30221
      16 0.26911
      17 0.24173
      18 0.30039
      19 0.29276
      20 0.31564
      21 0.3101
      22 0.30368
      23 0.31981
      24 0.32514
      25 0.3201
      26 0.32196
      27 0.3226
      28 0.32771
      29 0.33491
      30 0.34251
      31 0.35179
      32 0.35761
      33 0.35846
      34 0.34807

  newline
    color
      0.916458 0.133982 0.191211
    label : YOLO11l (25.3M)
    pts
      1 0.07089
      2 0.11773
      3 0.08528
      4 0.0727
      5 0.15998
      6 0.08819
      7 0.18655
      8 0.15203
      9 0.15975
      10 0.18703
      11 0.2078
      12 0.21189
      13 0.267
      14 0.26404
      15 0.27415
      16 0.28091
      17 0.27018
      18 0.28641
      19 0.27401
      20 0.29034
      21 0.29436
      22 0.28998
      23 0.31837
      24 0.33163
      25 0.27786
      26 0.32598
      27 0.33163
      28 0.30063

  newline
    color
      0.274746 0.0464678 0.992755
    label : YOLO11x (56.9M)
    pts
      1 0.07631
      2 0.06734
      3 0.09195
      4 0.13592
      5 0.12503
      6 0.07769
      7 0.11976
      8 0.15515
      9 0.20992
      10 0.15193
      11 0.18857
      12 0.16007
      13 0.19896
      14 0.24087

newgraph

  y_translate
    -2.75

  xaxis
    min
      0
    size
      1.5
    label : Epoch

  yaxis
    size
      1.5
    label : mAP@50:95

  title
    y
      0.175
    font
      Times-Bold
    fontsize
      10
    : FRED (canonical split) \
      RGB images (30 per sequence)

  newline
    color
      0.840188 0.394383 0.783099
    label : YOLO11n (2.6M)
    pts
      1 0.00876
      2 0.0591
      3 0.03738
      4 0.0647
      5 0.07724
      6 0.0829
      7 0.09672
      8 0.10053
      9 0.10039
      10 0.10085
      11 0.10048
      12 0.10769
      13 0.11035
      14 0.10918
      15 0.11192
      16 0.11535
      17 0.11334
      18 0.1045
      19 0.1177
      20 0.12673
      21 0.11675
      22 0.11915
      23 0.12131
      24 0.11406
      25 0.11677
      26 0.11755
      27 0.12546
      28 0.1231
      29 0.11837
      30 0.12742
      31 0.11872
      32 0.12838
      33 0.12471
      34 0.12944
      35 0.12532
      36 0.12765
      37 0.13089
      38 0.12624
      39 0.12094
      40 0.12608
      41 0.12563
      42 0.13124
      43 0.12497
      44 0.12724
      45 0.12825
      46 0.13177
      47 0.1338
      48 0.1367
      49 0.12358
      50 0.13424
      51 0.1304
      52 0.13439
      53 0.12428
      54 0.12536
      55 0.12392
      56 0.13482
      57 0.12731
      58 0.13037
      59 0.1304
      60 0.12924
      61 0.12826
      62 0.13233
      63 0.12682
      64 0.1277
      65 0.12874
      66 0.13147
      67 0.13003
      68 0.13003
      69 0.13167
      70 0.13342
      71 0.13478
      72 0.1301
      73 0.13212
      74 0.13227
      75 0.13188
      76 0.13199
      77 0.13141
      78 0.1312
      79 0.13073
      80 0.13149
      81 0.13436
      82 0.13208
      83 0.12974
      84 0.13136
      85 0.13263
      86 0.13096
      87 0.13192
      88 0.1321
      89 0.12989
      90 0.12995
      91 0.1296
      92 0.12803
      93 0.12743
      94 0.1248
      95 0.12526
      96 0.12487
      97 0.12518
      98 0.12583
      99 0.12571
      100 0.12714

  newline
    color
      0.700976 0.809676 0.0887955
    label : YOLO11s (9.4M)
    pts
      1 0.02929
      2 0.03961
      3 0.04457
      4 0.05806
      5 0.04683
      6 0.06543
      7 0.07796
      8 0.07767
      9 0.09729
      10 0.09196
      11 0.0865
      12 0.09733
      13 0.08913
      14 0.10994
      15 0.10488
      16 0.11248
      17 0.09652
      18 0.11306
      19 0.11145
      20 0.11546
      21 0.11281
      22 0.11901
      23 0.12033
      24 0.11415
      25 0.12884
      26 0.11992
      27 0.12236
      28 0.12906
      29 0.12602
      30 0.12443
      31 0.12509
      32 0.12568
      33 0.13155
      34 0.12179
      35 0.12582
      36 0.1218
      37 0.12593
      38 0.13434
      39 0.13123
      40 0.13573
      41 0.13627
      42 0.13063
      43 0.12999
      44 0.12586
      45 0.13752
      46 0.13993
      47 0.12834
      48 0.13297
      49 0.12861
      50 0.13921
      51 0.13526
      52 0.1387
      53 0.1346
      54 0.13724
      55 0.13661
      56 0.13505
      57 0.12839
      58 0.13356
      59 0.13427
      60 0.13171
      61 0.12726
      62 0.13288
      63 0.13182
      64 0.13193
      65 0.12683
      66 0.12991
      67 0.12737
      68 0.131
      69 0.12952
      70 0.1265
      71 0.12684
      72 0.12126
      73 0.12528
      74 0.13348
      75 0.13459
      76 0.1338
      77 0.13001
      78 0.13538
      79 0.13497
      80 0.13381
      81 0.12772
      82 0.13214
      83 0.13214
      84 0.13206
      85 0.12668
      86 0.12613
      87 0.12945
      88 0.13074
      89 0.1296
      90 0.12708
      91 0.1241
      92 0.12502
      93 0.12423

  newline
    color
      0.56138 0.224983 0.393092
    label : YOLO11m (20.1M)
    pts
      1 0.0105
      2 0.0172
      3 0.02892
      4 0.0319
      5 0.03941
      6 0.03169
      7 0.05243
      8 0.04471
      9 0.05687
      10 0.05133
      11 0.07168
      12 0.08098
      13 0.0728
      14 0.07079
      15 0.10053
      16 0.08528
      17 0.07239
      18 0.10121
      19 0.09767
      20 0.10804
      21 0.10412
      22 0.10538
      23 0.11093
      24 0.11165
      25 0.10926
      26 0.11136
      27 0.11242
      28 0.11322
      29 0.11763
      30 0.1186
      31 0.1238
      32 0.1214
      33 0.11625
      34 0.12046
      35 0.12017

  newline
    color
      0.916458 0.133982 0.191211
    label : YOLO11l (25.3M)
    pts
      1 0.01747
      2 0.03337
      3 0.02293
      4 0.01842
      5 0.04485
      6 0.02448
      7 0.05652
      8 0.04342
      9 0.0501
      10 0.05497
      11 0.06669
      12 0.06328
      13 0.07721
      14 0.07645
      15 0.0899
      16 0.09086
      17 0.08059
      18 0.0917
      19 0.08578
      20 0.09326
      21 0.09456
      22 0.09716
      23 0.10378
      24 0.1127
      25 0.08868
      26 0.10544
      27 0.10998
      28 0.09488

  newline
    color
      0.274746 0.0464678 0.992755
    label : YOLO11x (56.9M)
    pts
      1 0.01923
      2 0.01927
      3 0.02541
      4 0.03819
      5 0.03505
      6 0.02127
      7 0.03295
      8 0.04202
      9 0.06161
      10 0.04593
      11 0.0575
      12 0.04453
      13 0.05697
      14 0.07262
      15 0.06635
      16 0.07539
      17 0.06745
      18 0.08017
      19 0.06926
      20 0.08453
      21 0.09615
      22 0.07878
      23 0.09877
      24 0.10239
      25 0.09601
      26 0.09235
      27 0.09251
      28 0.08715
newgraph

  y_translate
    -5.5

  xaxis
    min
      0.4
    max
      5.6
    size
      1

    no_auto_hash_marks
    no_auto_hash_labels

    hash_labels
      hjl
      vjc
      rotate
        -45

    hash_at
      1
    hash_label at
      1
      : YOLO11n
    hash_at
      2
    hash_label at
      2
      : YOLO11s
    hash_at
      3
    hash_label at
      3
      : YOLO11m
    hash_at
      4
    hash_label at
      4
      : YOLO11l
    hash_at
      5
    hash_label at
      5
      : YOLO11x
  yaxis
    min
      0
    size
      1.5
    label : Time (s)

  title
    y
      1800
    font
      Times-Bold
    fontsize
      10
    : (Approximate) time per epoch

  newcurve
    marktype
      xbar
    marksize
      0.8 5
    cfill
      1 1 0
    pts
      1 103.222
      2 240.017
      3 636.231
      4 779.155
      5 1532.71

newgraph

  x_translate
    2
  y_translate
    -5.5

  xaxis
    min
      0.4
    max
      5.6
    size
      1

    no_auto_hash_marks
    no_auto_hash_labels

    hash_labels
      hjl
      vjc
      rotate
        -45

    hash_at
      1
    hash_label at
      1
      : YOLO11n
    hash_at
      2
    hash_label at
      2
      : YOLO11s
    hash_at
      3
    hash_label at
      3
      : YOLO11m
    hash_at
      4
    hash_label at
      4
      : YOLO11l
    hash_at
      5
    hash_label at
      5
      : YOLO11x

  yaxis
    min
      0
    max
      17
    size
      1.5
    label : Batch size

    no_auto_hash_marks
    no_auto_hash_labels

    hash_at
      1
    hash_label at
      1
      : 1
    hash_at
      2
    hash_label at
      2
      : 2
    hash_at
      4
    hash_label at
      4
      : 4
    hash_at
      8
    hash_label at
      8
      : 8
    hash_at
      16
    hash_label at
      16
      : 16

  title
    y
      23
    font
      Times-Bold
    fontsize
      10
    : Max batch size on \
      NVIDIA GeForce GTX 1660 \
      (on the Hydra machines)

  newcurve
    marktype
      xbar
    marksize
      0.8 5
    cfill
      1 1 0
    pts
      1 16
      2 8
      3 4
      4 4
      5 2
